Simple: 2.8225529193878174
Threads: 3.8196468353271484
Processes: 0.7157461643218994
