Threads: 0.1756279468536377
Processes: 0.030640840530395508
